1  20.50
5  100.00
3  55.00
8  75.00
2 10.80
3 150.00
1 50.00
8 60.50
4 125.00
8 20.00
10 30.00
10 25.0
8 10.00
6 30.00
2 10.00
8 620.00
1 384.00
6 303.00
2 10.00
3 625.00
4 760.00
8 520.00
1 30.00
8 20.00
7 25.00
8 10.00
4 2125.00
8 20.00
2 610.00
3 25.00
8 920.00
4 1267.00
8 20.00
1 30.00
4 360.00
8 20.00
1 730.00
2 25.00
3 150.00
1 50.00
8 60.50
4 125.00
8 20.00
10 30.00
10 25.0
8 10.00
6 30.00
2 10.00
8 620.00
1 384.00
6 303.00
2 10.00
3 625.00
4 760.00
8 520.00
1 30.00
8 20.00
7 25.00
3 10.00
4 215.00
3 525.0
8 320.00
4 125.00
8 3320.00
3 25.00
4 60.00
8 20.00
6 30.00
10 20.00
8 20.00
1 30.00
4 60.00
8 60.00
4 125.00
6 720.00
8 20.00
1 230.00
3 25.00
4 60.00
8 220.00
1 36.00
10 10.00
8 520.00
1 37.00
4 125.00
8 20.00
10 30.00
1 30.00
2 10.00
7 25.00
4 60.00
8 20.00
6 30.00
2 20.00
8 20.00
1 30.00
4 60.00
8 60.00
4 125.00
8 720.00
8 20.00
1 230.00
7 25.00
4 60.00
8 220.00
6 36.00
2 10.00
8 520.00
6 37.00
3 25.00
4 88.00
8 20.00
4 60.00
8 30.00
1 30.00
8 60.00
4 125.00
8 20.00
2 10.00
1 30.00
2 710.00
3 25.00
4 560.00
7 25.00
4 88.00
8 20.00
4 60.00
8 30.00
1 30.00
8 60.00
4 125.00
8 20.00
2 10.00
6 30.00
2 710.00
3 25.00
4 560.00
8 20.00
1 30.00
2 220.00
8 20.00
4 468.00
8 20.00
1 48.00
4 60.00
3 20.00
1 115.00
10 10.00
4 60.00
8 20.00
7 25.00
4 63.00
8 15.00
4 125.00
2 20.00
8 20.00
3 24.00
1 30.00
4 50.00
8 620.00
1 384.00
1 303.00
2 10.00
3 625.00
4 760.00
8 520.00
1 30.00
8 20.00
3 25.00
8 10.00
4 2125.00
8 20.00
2 610.00
3 25.00
8 920.00
9 1267.00
9 20.00
1 30.00
9 360.00
8 20.00
6 730.00
10 25.00
7 525.0
8 320.00
4 125.00
8 3320.00
8 20.00
3 824.00
8 20.00
1 834.80
1 1230.50
2 40.00